2511.6189990000003
496092.417944
361461.23112400004
354459.67709270003
477350.121229
519695.40108800004
336122.801066
318347.777981
302530.80901799997
258982.003049
289737.6850845
403258.2120105
464638.547998
293348.362078
299129.549954
318347.91394600004
267498.5159755
296130.850028
432459.852021
461092.38604700007
311211.26595
296214.72898300004
283258.4530325
247245.690995
290022.77193
413799.7679753
430411.991233
285460.16995300003
264488.81807649997
281061.127052
271254.217996
369402.055266
518887.462705
486336.82018
344308.715017
321245.83913
321538.177149
290807.530973
347441.78991199995
416176.27907469997
300951.328993
278627.588926
308800.7909121
319597.929962
308164.016957
320168.883912
485660.494008
399588.910014
350745.573191
293637.801951
313803.16203400004
267711.1090155
285679.869131
412897.349113
452726.126103
307110.875933
270425.00706750003
288401.99891900003
278116.291888
378898.165064
547857.205258
559820.580027
383647.67909700004
332189.99318900006
335726.580968
293099.52701
316600.67996700003
453259.496866
461859.756153
318379.133021
271823.37801
287869.663972
247541.420096
315878.09021299996
482233.43396099994
513439.584913
330283.80303
294020.24589699996
321207.006946
269130.127953
304100.45396899997
453192.003086
449794.63695099996
317559.6099585
275818.23589999997
313691.148998
339293.269022
345513.132
452661.356036
462107.639956
428816.447912
377732.827961
373731.0758793
308738.385963
336394.782031
509424.214023
519048.37688399997
346649.815943
306335.8019617
312846.374941
303223.41301
314394.967035
453442.497048
478417.14881299995
338712.458055
333431.880049
334990.518942
281924.509951
311588.70493999997
459884.838043
485721.032087
328886.320986
302097.83294349996
310555.18492499995
268790.61899600003
304413.556952
446665.337895
477623.47293030005
328795.874018
310186.466894
507974.63688899996
348709.460063
374291.2510323
520339.51596499997
580268.5509810001
369869.383046
317292.964148
332477.410968
305868.0570225
335937.441949
512090.58108
387860.5050145
350598.06187
308469.31311900006
329113.560081
307556.94693700003
330004.24199799995
480969.55894200003
518153.554009
341787.214991
307178.399952
301785.4831075
289261.05802600004
398389.241982
417930.141993
450631.400068
321630.8309235
307329.1680565
309333.380899
304344.849939
330257.841975
566901.814988
637698.494958
426332.09799499996
369705.16008500004
361791.080915
317496.765891
357673.08797700005
466292.69909600005
526804.730256
349754.29197799996
283858.21599249996
320173.57799869997
282886.92004520004
326956.74210719997
505950.6668701001
435894.082881
370944.271024
320885.3399215
319235.257977
293877.944015
319722.6870265
446347.312096
504964.845142
336631.9640383
305119.530064
301847.2489636
266525.458966
324210.971803
509379.108146
533481.693027
441758.3880965
390958.38408
374551.91794899997
327020.179028
351401.500074
479514.493924
500606.073078
365452.995017
317279.1449993
314134.886071
281750.931023
308786.438133
432569.1022205
438722.41785699996
348803.0469486
335516.229006
324313.81802550005
287074.8739522
313332.555049
435497.731013
437952.624049
342802.29905000003
316257.463107
309243.7899995
298074.2249247
318745.69292100007
423890.5020012
433358.65208729997
331493.28505249997
318553.989932
357982.97901199997
397555.31810209993
393831.12000699993
516956.846013
514267.27593999996
407033.81094600004
357263.85408599995
351302.132003
310953.02393150004
337521.667868
434184.94409
434720.32300130004
349539.224033
317103.331061
324377.386893
311043.17291
364487.3218839
448835.3109167
464053.77306750003
362085.52696
343046.11397999997
335724.643932
306473.26098
331906.369098
420576.154994
443694.093754
347159.6410143
319688.2190185
319322.060993
294518.685943
354932.930947
523631.3811059
640406.221875
458792.96096600004
397680.42003199994
392565.48591000005
330622.779063
335442.247929
518584.247
560852.005091
377151.7070027
308074.4658225
323124.61885
282855.730937
319556.942029
476364.004996
532852.9590409999
373229.840879
327282.949966
315687.718926
279580.37200800003
331846.9039701
468298.38089599996
502068.7019007
356043.0340047
303333.392926
312490.10499599995
273057.87985880004
320246.574024
484903.6890081
522868.44194600004
367068.4500143
436441.034076
414455.6550375
348933.24702999997
378109.978059
540156.625057
553031.424016
373387.10904300003
326726.7240121
322529.418957
305047.0980576
402913.849028
426379.69099389995
481781.25596860005
342694.7209944
305242.56998599996
355696.96394299995
312949.412961
323327.873107
488245.5700010001
537713.5090483
348721.327971
301641.7850828
323105.11598
276059.0800025
317570.4260338
452902.363914
512891.4830689
346941.91396000003
302332.9969864
319494.7050373
298195.433106
403637.232955
540615.555037
602796.556029
424314.167046
393322.18290899997
386426.97881949996
346293.3400477
358473.978049
513850.32307
587666.490239
374087.89006699994
373277.74803400005
332279.25688510004
284567.4029707
349383.296052
524065.58811550005
579209.2289239999
391945.551999
329455.2710234
354337.734795
298047.04796500003
340734.213038
485544.29883700004
550925.2931059999
365965.50901020004
323292.830024
337083.28602600005
305982.981947
357000.40416499996
541977.6558010001
698217.1289890001
495488.366984
424438.04697300005
424147.0459855001
386406.804985
432661.755068
537181.319801
588855.895921
442309.31410749996
414421.695986
422957.198908
384256.080979
434657.0129787
554911.9170240001
642015.7758165
516060.290853
480470.7168425
527481.3369250001
507461.03818699997
544104.2676365001
685673.0747400001
696295.146867
792865.284427
620663.290732
470731.1624137
479314.96804300003
556952.3059789999
499719.50492370006
635134.7358515
507264.6630475
8602.065404
801011.2260410001
680672.8456029999
936628.8866039
949618.7889400001
602268.564009
563450.5988595
636176.853478
496377.93341399997
543055.329066
787321.455619
844633.5989169999
555547.0150184999
502643.104285
567067.4690690001
502789.214207
542937.9156569999
786779.8899055
851735.334091
575850.061871
538817.207912
553097.596874
460789.0398597
526124.572256
733880.979053
814057.732862
540798.8337109999
481593.43579799996
512853.989922
453642.9707033
560816.192394
648870.19898
619805.537102
461637.5229585
403189.5869763
399138.3059075
359139.101529
389471.568011
530128.059914
520753.7470746
396622.73701100005
358382.73398769996
387758.393971
347373.29856749997
361206.4069057
538893.357859
595300.23508
412029.2879535
365331.24794200005
360161.63900749997
322451.9201135
369403.653633
538206.082827
487896.463891
404224.188997
351418.110084
353604.266985
330330.185244
425624.79546600004
911360.2578707
667413.052988
613973.031386
748930.902096
741756.416525
614082.444339
598242.341178
753345.259201
916117.649984
587414.828974
539365.375063
575676.797032
473298.04254399997
530515.2554715001
731049.7898510001
929808.492772
612719.522118
537427.86875
585974.657018
500897.11264099996
548811.469984
771704.933772
838814.636064
571762.044919
539861.6183493
569680.543547
468581.39830400003
538905.781947
822333.142686
873958.8396415
651800.509461
485079.887001
463917.316107
388867.961418
422578.745073
617680.194045
631888.2508980001
426091.1040178
376663.272105
375309.082012
334052.7571255
379646.84592700005
529919.922964
540190.2819419999
381386.30903299997
364689.054991
411357.08498499996
397464.84290399996
394392.184115
496904.749136
520126.3980386
398677.396998
370552.249018
372232.595049
320875.477858
357173.708433
497334.735036
560508.420995
362271.9169815
326338.348031
357079.964912
530380.848064
443284.891212
610391.7489710001
646164.863883
427601.7040709999
388945.89008599997
391932.183945
337483.713217
381335.196055
577012.026997
454512.928937
398251.889006
360734.522978
356373.806985
332272.8296378
380822.742652
537873.9640190001
634519.7368283
388814.744958
354372.33997000003
356898.483031
310660.142642
349549.89272600005
516627.26170699997
573412.21016
373831.086112
327642.143098
338481.78405699995
326624.5773325
375782.63987089996
597192.467989
742732.830236
512725.7729758
443636.187975
423284.49499300006
359474.513823
391266.12544900004
557142.4610240001
626026.956957
415798.946041
351689.4229725
373828.16418
329408.06736
392308.374573
622072.988944
441279.93399449997
447450.23987000005
380396.03604399995
373408.6641423
332280.93509600003
369206.78954699996
538613.855166
591184.1240534999
414929.6359765
340464.7450455
355342.398017
315798.180924
370793.573429
510870.81398
567218.8850125
429324.0552005
720480.616788
747430.1471275
583844.7207922
595424.31324
817307.1101677001
918276.596259
638526.428909
557291.4975265
574451.4099629999
498047.54897999996
535644.182793
756698.7523005
733653.779849
584867.15114
562860.0268329
621336.4939885
498221.7050971
547619.0590518999
728988.226204
776474.1180457
600228.430008
530276.040011
574168.6359949999
484618.81701149995
579767.285128
688919.5500267
747307.86662
583936.68549
524743.3250017001
578056.965281
532423.558194
506826.7949305
626533.637869
625898.2058880001
471173.304022
417197.47617599997
402914.37094100006
359701.53298899997
397759.9389829
496192.78708399995
509681.7650025
409544.57501300005
353898.211991
372116.544964
340740.8170565
402631.84005929995
533996.1551699999
564443.173007
433042.298907
379329.95307730004
398126.790988
355108.8749955
388359.89832349995
499678.208204
528990.5611087
412250.075007
355053.9079745
366321.498077
327912.427
403288.917062
586373.694132
660088.1830519999
812526.219024
717351.5527679999
726683.8617375001
551340.0774347
603043.241921
870139.4459765
997964.077948
648651.744928
562420.568002
612987.4722337001
483462.95302200003
564382.847851
795802.2381239999
896501.5622945
630710.5728885
608239.973016
617472.3442114999
479500.843061
550213.093909
808490.7630769999
901420.4510040001
589120.2939279999
559954.304399
598183.114508
466867.37707600003
515474.223943
781202.3679819999
886531.7898139999
586682.822002
599093.9157257
784500.253914
634306.519052
675639.295098
931317.51302
985466.9620709999
641480.7572659999
586410.2709706001
620201.323059
510519.923104
702470.3179550001
748309.153739
843971.132714
611726.926015
550589.573294
624797.469491
538252.607117
558538.1359989999
820840.9707920001
935410.595877
624629.990941
542207.165266
584926.355993
492233.2321999999
528403.6800640001
758926.230707
892128.498949
572806.6319285
512678.81150500005
560819.6780005
459715.26616
561876.0719155001
873539.2478855001
709851.4922288
973192.041735
702751.953595
718799.9390395
566118.381055
585330.25773
816064.6449830001
941478.422301
593376.793073
552505.750307
588093.484021
468057.38682300004
553007.970965
786124.2011770001
956619.4019269999
620876.3400580001
553367.204141
580234.0113007
511855.76104470005
567978.732759
763720.1485929999
907432.6569940001
610847.95702
541225.608011
579125.306002
475823.8970519999
559619.825094
850925.105136
1023691.2815920002
817413.5619740002
735319.1840285
715127.614539
578961.517004
635445.153317
829386.7061200001
1013889.8073999999
790283.289992
665123.9629570001
732121.033873
580542.178879
642760.387245
854830.9058289998
999106.1325774998
790182.945791
799067.0561790001
779966.4991880001
731938.4798930001
757349.3758179
935555.52434
1056605.2012284999
1008143.3460192999
1064977.9730725
965982.871715
872098.456795
740596.1589319999
716329.6350710001
773998.401175
912970.533204
844380.4696739999
12773.61698
657763.3919810001
648880.686926
730923.776022
569267.29796
477886.74105300003
494160.85011700005
417482.68913099996
439381.22607300006
569956.90801
694860.9511000001
442845.54401400004
393799.993059
400923.97106999997
371146.14494200004
423599.93579749996
621865.434007
678277.0309909999
448217.896919
405308.77722
413202.592067
364862.53903549997
416937.18192500004
588849.8710030001
631623.951015
410009.617966
360009.850046
376935.916035
343062.160973
435899.6719165
656205.8418439999
815294.4759509999
538301.886974
475249.842928
451923.14705900004
407491.967944
437147.54517
599911.594879
622994.2319509999
458002.15204300004
400825.9849177
400115.3330245
384963.14296900004
493265.46801300003
562855.068099
434886.67183400004
420740.903983
483088.134093
497499.05796700006
436360.905914
483681.01502600004
572753.075038
691339.067796
443349.89084099996
407890.27797100006
395774.95403200004
354938.226975
436488.424914
635263.400075
820434.978924
546037.7879989999
492365.24082999997
483330.54816699994
428599.809059
463723.974873
657377.2109129999
659563.411966
480371.95008599997
457881.7640763
425617.727075
382588.6690535
434805.995204
616609.760896
662700.8719329999
466598.425914
415359.51603000006
398629.99999400007
373324.3829895
467687.94508100004
624099.228222
646466.4018870001
462664.23700450006
407369.72201499995
408258.189916
367006.95700100006
436906.608975
589854.7040575
641213.7701630001
437878.8349779999
443278.89307299996
557223.1610379999
524588.9020219999
510296.78594800003
653894.195903
659669.5771359999
519734.816963
464788.21798
461140.21300600003
398718.315935
445869.29801200004
610603.017074
659939.024086
453724.75604800007
403623.396979
438106.28796499997
418643.1939569999
456303.236748
629155.66071
684544.950159
481694.770966
426018.313035
421108.210059
392147.04200200003
437625.507963
588781.512939
625901.0009880001
425049.148087
374839.18507450004
398724.330055
432612.141938
674509.400095
711052.273896
742887.7850289999
556245.1479529999
509493.227021
504999.55096200004
444082.309939
481304.22297
706705.440076
558062.273048
524864.051063
452162.87404500006
446915.63900799997
395609.666087
483535.538107
709798.552994
798186.132143
496595.01098
446375.48803350003
466238.630977
417006.13603500003
458727.917031
658882.9229615
738068.426823
534802.790004
463132.406006
481804.96096
428506.881011
560519.5300380001
855728.291973
1023564.7670400001
812081.2027654999
753430.6418917
747929.4520749999
608994.6461083
657675.126037
904437.2711410001
1070695.9178497
696952.81204
623725.1071692
641435.3719983
510019.1489275
606616.000975
840727.775905
967745.7218685
666557.1317587
672637.824072
677171.1571119999
556155.0391433
659233.5706609
936951.6543729999
790568.421132
701208.22895
640322.326029
643411.714061
518700.9558973
593299.460788
831492.4641955
976563.5890657
639072.1921929999
669548.425059
885953.200992
705642.2820964999
772773.39392
1018541.84294
982427.6819
754949.7091399999
654821.0515315
732992.1300289999
605032.4963964999
643986.381178
794984.703157
898731.9367339999
647967.077874
601452.2580230001
664505.1001790001
584042.727022
653452.17114
826353.3360309999
894707.2993780001
685961.243972
607836.498977
631385.408886
541511.421067
635244.2449785
797427.520942
875032.0362592
652999.1942961001
594977.6665523
625449.98155
543393.5926249999
695083.4489723
1044894.7900609999
1043495.4750179999
811119.8341099999
726613.3581099999
724346.594
583375.2117590001
663326.5180703001
784099.215997
679410.1251349999
785477.9342159999
668280.357956
678064.7316857
557859.477954
734484.205049
936339.026059
913846.62503
694747.1618630001
629475.6430527
653733.3600063
569443.704073
653281.2081510001
803270.157597
865755.3974289999
681575.9899773
624698.33755
640075.9908365
548043.327354
635737.2322
876953.0969339999
975697.601858
776152.5521897001
906549.992952
879033.0925
707093.042
736395.3026320001
1052868.394291
1147642.583011
767382.7769737
677312.236066
705633.4998935
577743.7950259999
651330.167952
921524.436013
1023345.318906
688405.190061
682134.3540294999
742089.667998
593577.8021249999
653805.8749459999
935893.481059
1037532.860693
717725.3769589999
641914.7389994999
690419.721922
557321.610921
646083.8750634999
890486.060145
1018062.963565
671261.0640092001
609130.6581453001
711182.5390539999
796340.858947
830719.387744
1179376.177625
1234130.9385950002
809524.837996
696169.275967
720562.330573
603066.030064
873934.7190479999
867556.9730189999
973329.2039730002
721634.5721813
585141.5538577
688198.106351
577952.197162
693829.3518739999
958052.9580310001
1071477.102879
699259.488037
660308.361186
672847.3460333
547020.0469813
639040.6062
859950.710621
1018783.1419530001
649914.352338
587066.101075
599388.1222552
511860.0689186
635875.8911987
915956.851878
819250.3880370001
762549.794932
1033439.132986
855494.4399600001
649662.6709070001
671145.7880569999
929723.344157
1077361.9559685
683644.901987
623529.1790699
689746.212316
506937.6640027
626674.0250549999
867597.332909
1056159.462651
716508.7092174999
618919.988059
683954.1879499999
560452.567301
665619.668251
863726.8816559
1015844.2849005
696685.4609320001
612710.200935
658917.83013
530358.330027
645087.0350447
850596.003884
1070619.8029319998
762036.1239964999
857620.9426407
867269.5758400001
676883.0319920001
749354.1319635
966202.367876
1143119.3194499998
822334.708983
712569.16983
747893.782087
657427.1785246
708392.807819
915667.8842910001
1059425.4213405
811613.7221567
779809.953397
859930.249129
809809.748717
893569.902701
1095523.5178683
1175416.9636673
1072887.476889
1141861.90926
1196146.056374
1083680.3152380001
946725.190766
837714.129168
789684.9127821
870762.0257580001
1030043.7357640001
964641.541501
16433.394
1066677.4248620002
1226735.719895
955956.875097
835320.439089
821685.6559230001
653504.3669428
713608.3341557
989209.4581480001
1094693.83696
705495.2409629999
647058.4610850001
660045.317135
561972.62307
671027.1000270001
959827.146436
1057997.343303
709784.229951
630929.75099
738744.013045
552820.7690359
648431.428037
906754.833923
980927.7570135001
658090.687097
609465.787904
647254.6780699999
533709.8489592001
660492.758086
969938.376831
1093211.2294
872063.3148838001
765233.207779
772360.9390039999
650328.166941
768586.5079876999
941954.07605
697791.630994
636542.6772739999
746939.64016
790988.713851
646376.371075
698152.0698754999
859023.0269945
940214.498527
746671.290005
719111.8860899999
723794.7220129999
570072.6781489999
672510.133621
883790.2212395
991384.2700283
698907.63622
641329.0610941
675573.377814
557959.327812
641922.8016649
916704.0687289999
994502.727301
726619.7578255
897927.6432960001
878452.364907
671564.7523075
747546.7958183
1028620.6770530001
1078958.5091855
738126.524119
642291.3448895
694645.8489091
572491.856825
664893.5129268
898101.109871
954980.3301474999
668066.3931049999
668186.702459
739805.377693
580452.5319757
666756.8191527
895038.5120679999
929605.582019
690469.800941
622695.8369947
714881.17408
660489.8450025
633524.200062
800133.5174954999
833336.064862
661057.8656583
621166.0630926
660138.988943
617374.3379607
872467.320075
1150824.580929
1266908.291001
795237.1920635
725750.1010450001
744784.8430794999
587939.7201769999
689727.1961377
927981.389244
1008876.7379010001
665348.963943
651657.0342615
672611.4810500001
546785.2089455
667606.299867
862121.4920360001
1271833.7392550001
1345920.6048929
1152089.208085
1062426.2900389
1001079.779168
857059.2439899999
1022143.1346499
1039369.9320139999
680000.753839
704799.4182328
670288.098041
543339.849013
708711.428894
1067335.770093
1270121.20756
973985.670432
792205.5501393001
798654.4540987001
648701.6029645
761422.5161262
1071192.7769829999
820824.6380683
771767.6541339
693010.4869809999
727543.4630335
603394.2070997
666833.8999413999
932869.5212631001
1070331.66738
748112.686851
661930.83884
671232.9593407
581470.5602065
706024.0579254
910757.1630899999
1030671.62292
695004.681298
606377.2052165
637512.038734
571968.6231229999
852689.219312
816187.2200642999
959853.658039
752452.419172
974327.9898907
811525.3203149999
694535.9356793
742363.0852079999
1011996.6160699999
1123734.4361
729894.2228659999
658714.6533059999
696747.5498651001
547139.6129411
637354.31962
845838.2061645
947479.764963
685382.1930620001
622267.7731045
708327.6370845
620526.243001
737897.438279
972971.1097110001
837363.0238709999
735754.3648971
679248.0220203
677730.6512057
559653.337429
641812.675912
860296.8349625001
954344.6669330001
684735.608995
596948.934953
632489.476942
554144.864923
857027.5539605
1078485.1418480002
1126713.707945
850891.5988449999
728011.558041
752110.9406409999
591702.7820184999
688563.400224
868259.9708787
932486.3001359
688436.1450484999
627039.780111
642494.4024465
535124.328126
675032.4290352999
887192.885063
932586.6967328
702619.7510220001
633176.2922805999
686848.8470040001
578823.6890245001
646633.655341
822292.472006
847867.677942
697383.6020920001
622771.923903
651121.9849837
533256.2493581
669585.8378729
910213.871959
997916.9572140999
895580.405053
777592.8388893001
779844.8100532
622883.0981610001
704092.7391311
858903.2119025001
904321.4368380001
715195.5388238
635538.981035
658457.436112
596729.2799450001
745662.5051491
714905.9190669
761826.1289779
720032.2998810001
718671.651353
725945.703034
577350.5209386
678767.115815
828986.33584
901870.1499389999
714866.233843
660819.9779755
674613.0479498
554421.529139
646698.272887
791047.534486
858802.419759
671845.736816
624711.335056
731430.1240452
718105.570925
837129.5876419999
1057581.210918
1109985.857533
813763.2950235
751583.025072
738543.916999
595849.2986095
658969.026968
915938.559049
1017369.2242663
678776.4591265
603427.946974
624262.071976
568324.812986
691912.6014660001
899219.297508
1018662.6573939999
681159.341976
650980.3219717
666928.400013
533276.3320170001
663685.9846653
861830.3899970001
952352.5509251
664217.4402937
587908.3278165
631761.1750463
520744.9210333
703198.4908060001
1175033.65823
1256480.1709663
833060.55889
724113.096039
749712.3000211001
581429.3401579999
797612.239327
932551.7068309999
1088251.479908
725312.8469015
625271.993952
665126.077693
558859.8909974999
667954.207226
890613.591114
1104504.6882151999
710456.4240015
630638.5920229999
647823.4689730001
583001.2800779999
669453.5420583
843626.415914
1022953.689959
668507.6451983
610590.8979547
633413.8905696999
544361.4798829
638838.252231
841074.6969994999
954838.1910079999
654923.5029715
811832.445984
969033.618953
793811.6841114999
858468.216477
887751.298669
1140367.104134
849451.0429045
767439.6284340001
790276.839009
588241.7590247
713396.4541223
929802.7719430001
1188982.2323979998
735723.172977
691801.6290438
830431.7415873
615228.2560159
738265.552222
935656.0010137
1125178.987911
773762.280859
690281.251004
753685.041456
595457.3062203
737819.484836
908066.823384
1056721.5920875
752583.7680527
645760.5082353
767361.704324
843603.3150879999
853454.9307949999
1113440.567059
1276195.0362097
896824.938971
932546.385931
867653.7351403
674077.382905
774941.923982
920050.7459170001
1119324.2439859998
844251.703802
747161.615593
829763.2190675
747641.1828753001
918899.7863060001
1071655.6282493002
1260471.9085900001
1028242.8227986998
1080402.388032
1181307.3270735
1135849.391084
1282145.5171351
1246837.8430543
1032770.748898
842475.490118
951533.7138481
894108.236835
1163643.0379923
1109012.812049
12082.500997000001
1402306.3708340002
1104377.0798245
990093.463742
777620.9540695001
839600.2379889999
1103806.298949
1192543.750978
793724.8969065
742635.5692609
770742.690065
629635.794004
768898.9443882
1021050.5362259999
1175725.165838
824488.6661749999
750836.542952
782656.0246723
606949.7448793
725703.6910875001
1072721.724905
1148214.358454
798133.612125
721275.774781
744342.5929227001
576515.5369877
722113.958837
977850.40585
1075166.9930429999
698123.768037
778222.285925
961777.3828739999
748882.7326150001
834667.1519292999
1132788.5414129999
1151987.631095
786672.3941810001
739431.213302
783605.3771849999
624387.487899
752207.2398544999
944924.6530099999
1074820.900014
794314.4320675001
642613.187069
745780.3550840002
645968.2570670999
758855.71279
1063394.844003
858897.1230135
759120.0599607
717807.6770255
739388.0344027
675578.500156
816197.498952
1026011.2228075
775708.987978
744956.948138
949366.8290505
1008521.7099619999
836225.1790720001
882639.776274
1125736.3470592
1196983.690104
790143.2410905
761866.729975
781046.6619577
653901.1919827
773855.30685
1001174.4340065
1146006.826973
754390.3800359999
700998.0346447001
815621.887369
699108.166824
812306.77427
1038906.566154
1157140.6385869998
826428.9099099999
746620.9261769999
767880.8049339999
670848.010029
787914.125515
1038139.3168870001
1101557.476706
784103.265042
702943.948577
824632.9850329999
637624.340998
878750.0378800001
1463083.9624589998
1138650.058898
835191.6220290001
835602.6360017
846631.307907
683059.570103
765502.211925
988591.4699579999
1101713.657101
739392.130988
741331.430196
791762.3128829999
737029.5651829999
740889.4868290001
898610.217928
985493.795113
775916.9059054999
717196.315762
735733.2142477001
675804.0219027
795795.893872
974952.817869
1140070.2748035002
755072.530945
718996.080637
781159.2829994999
624910.0260955
797636.6251025
1068279.8159410001
1041249.2479704999
1306699.366897
907324.0941130001
924247.257204
716654.608983
780798.407016
1039417.8618680001
1227380.607924
776307.4950150001
715811.1988809999
766101.907094
648650.413039
764812.415784
1116976.8911529998
884199.9138385
823035.5721219999
807803.8950783
841407.607944
628487.989962
773775.4378677
1035667.381833
1201938.886229
778935.156126
723151.767982
746303.6271255
620108.24391
984511.1521134999
932219.893144
1061771.636907
776813.1370379999
742471.2769905
858062.1494110001
766859.1728449999
918421.3191249999
1176138.109152
1376511.520495
912693.8511
805546.6479560001
842979.8370823001
667099.8010249999
795116.1360699001
993732.684049
1213673.946877
768349.7589517
729412.959849
785885.9088963
660338.3469740001
834786.4275550001
1096133.5508865002
965144.121179
791146.393731
787326.7170395
766159.0112892
609868.8309586
761049.7450639
963268.2271349999
1092610.858614
755367.8450665
682218.4689130001
731896.9850105001
630811.802872
802273.1392327
1207529.921868
1296379.2175535
925143.408816
832359.2860137001
844301.613116
700272.0099567
805792.302193
998347.1930084999
1100833.322376
804158.8610365
730534.767701
748799.9959086999
629651.3629294999
765489.6173933
969077.125075
1100803.699023
818325.522149
730133.7089399999
767978.7780780001
688288.067857
782418.2992187999
932902.046681
1024288.7412449999
816564.327096
713581.6326090001
740653.0441670001
659849.8270588
835099.6822035001
1032310.8657369999
1123752.4779517
885856.8408705001
988527.763204
964712.016051
728068.485132
827775.6861279999
965693.650492
1049559.164277
797464.9638169999
717766.3491054999
734139.67401
651386.9119697
826373.722022
792630.5350784999
865639.677471
760922.4060808
762661.935939
